Br = 62.1949781046052
BrLeft = 134.896512610531 BrRight = 206.888861815516
