Br = 58.5167516645462
BrLeft = 47.9241626235869 BrRight = 93.8564712386854
